0.000000000000000000e+00 2.800166353596044377e+00
4.882812500000000000e-02 2.816565682195417253e+00
9.765625000000000000e-02 2.720010424359490031e+00
1.464843750000000000e-01 2.375414784817390323e+00
1.953125000000000000e-01 1.968995150030816932e+00
2.441406250000000000e-01 1.767049072320104441e+00
2.929687500000000000e-01 1.769499623836895630e+00
3.417968750000000000e-01 1.742330820556343696e+00
3.906250000000000000e-01 1.595042991534286525e+00
4.394531250000000000e-01 1.481704320928181939e+00
4.882812500000000000e-01 1.494142308132973662e+00
5.371093750000000000e-01 1.559850177330035059e+00
5.859375000000000000e-01 1.592579809986077510e+00
6.347656250000000000e-01 1.613558328711832246e+00
6.835937500000000000e-01 1.699304438376473048e+00
7.324218750000000000e-01 1.845634559359830451e+00
7.812500000000000000e-01 1.974262049917130390e+00
8.300781250000000000e-01 2.039173459559973089e+00
8.789062500000000000e-01 2.093091744550943378e+00
9.277343750000000000e-01 2.273660508997550345e+00
9.765625000000000000e-01 2.575641444489767728e+00
1.025390625000000000e+00 2.730827459693877746e+00
1.074218750000000000e+00 2.656181913415406992e+00
1.123046875000000000e+00 2.588354233491342082e+00
1.171875000000000000e+00 2.629644048367968168e+00
1.220703125000000000e+00 2.743918027633500234e+00
1.269531250000000000e+00 2.949341593640772974e+00
1.318359375000000000e+00 3.184936808762151017e+00
1.367187500000000000e+00 3.268407471526265429e+00
1.416015625000000000e+00 3.231277549262741022e+00
1.464843750000000000e+00 3.359240524123544791e+00
1.513671875000000000e+00 3.496240474698783629e+00
1.562500000000000000e+00 3.167588858934953233e+00
1.611328125000000000e+00 2.559703737450877092e+00
1.660156250000000000e+00 2.178109791827738562e+00
1.708984375000000000e+00 2.025181413436566658e+00
1.757812500000000000e+00 1.893315835142232562e+00
1.806640625000000000e+00 1.757125593459044621e+00
1.855468750000000000e+00 1.670422853584264233e+00
1.904296875000000000e+00 1.622084287801978775e+00
1.953125000000000000e+00 1.544503677555487009e+00
2.001953125000000000e+00 1.391097278970392592e+00
2.050781250000000000e+00 1.184329758434707669e+00
2.099609375000000000e+00 9.987629262117629914e-01
2.148437500000000000e+00 8.777294986373695984e-01
2.197265625000000000e+00 8.172377013867061502e-01
2.246093750000000000e+00 8.104200075154953664e-01
2.294921875000000000e+00 8.165514926183286004e-01
2.343750000000000000e+00 7.847090448502962445e-01
2.392578125000000000e+00 7.566476917076441211e-01
2.441406250000000000e+00 8.145955852697716049e-01
2.490234375000000000e+00 9.425563251438767720e-01
2.539062500000000000e+00 1.042039156720446780e+00
2.587890625000000000e+00 1.069557657613326107e+00
2.636718750000000000e+00 1.075261637108184898e+00
2.685546875000000000e+00 1.092441090855039709e+00
2.734375000000000000e+00 1.087549898736554832e+00
2.783203125000000000e+00 1.052194982723391625e+00
2.832031250000000000e+00 1.043466022584078612e+00
2.880859375000000000e+00 1.082626127903686841e+00
2.929687500000000000e+00 1.108761085529076595e+00
2.978515625000000000e+00 1.112383371708802748e+00
3.027343750000000000e+00 1.143254765155154784e+00
3.076171875000000000e+00 1.146134638894207081e+00
3.125000000000000000e+00 1.054530981411820445e+00
3.173828125000000000e+00 9.321205970699497634e-01
3.222656250000000000e+00 8.695021255905350799e-01
3.271484375000000000e+00 8.992077746254351078e-01
3.320312500000000000e+00 9.792410945197614902e-01
3.369140625000000000e+00 1.018483744224715659e+00
3.417968750000000000e+00 9.824464226671895117e-01
3.466796875000000000e+00 9.319277599275823665e-01
3.515625000000000000e+00 9.427048864582485699e-01
3.564453125000000000e+00 9.898511569986754299e-01
3.613281250000000000e+00 9.923204117431346782e-01
3.662109375000000000e+00 9.653463416085334980e-01
3.710937500000000000e+00 9.483641025177514949e-01
3.759765625000000000e+00 9.418709980394404102e-01
3.808593750000000000e+00 9.664479407243522502e-01
3.857421875000000000e+00 1.007804351583038160e+00
3.906250000000000000e+00 1.019944640073462416e+00
3.955078125000000000e+00 1.005773417200308772e+00
4.003906250000000000e+00 1.001861873773525424e+00
4.052734375000000000e+00 1.036689063591019089e+00
4.101562500000000000e+00 1.078979692207943542e+00
4.150390625000000000e+00 1.055432160329074387e+00
4.199218750000000000e+00 9.805314962360182074e-01
4.248046875000000000e+00 9.435560397717543957e-01
4.296875000000000000e+00 9.707001889285350460e-01
4.345703125000000000e+00 1.009716999512117352e+00
4.394531250000000000e+00 1.026658279896021320e+00
4.443359375000000000e+00 1.057880283708851232e+00
4.492187500000000000e+00 1.113111419865786988e+00
4.541015625000000000e+00 1.103363111431237886e+00
4.589843750000000000e+00 9.895518731936858714e-01
4.638671875000000000e+00 8.654632592988386053e-01
4.687500000000000000e+00 8.112798506592552306e-01
4.736328125000000000e+00 7.994898751475533194e-01
4.785156250000000000e+00 7.742475640063168907e-01
4.833984375000000000e+00 7.541821036650149246e-01
4.882812500000000000e+00 7.795891971510729990e-01
4.931640625000000000e+00 8.166060341446935711e-01
4.980468750000000000e+00 8.145429738205064440e-01
5.029296875000000000e+00 7.711229348219630353e-01
5.078125000000000000e+00 7.139099365278931408e-01
5.126953125000000000e+00 6.837429632026557069e-01
5.175781250000000000e+00 7.049225042189344315e-01
5.224609375000000000e+00 7.581407977497773842e-01
5.273437500000000000e+00 8.140508775242035755e-01
5.322265625000000000e+00 8.869201414767201586e-01
5.371093750000000000e+00 9.885326764085621276e-01
5.419921875000000000e+00 1.068773481845416873e+00
5.468750000000000000e+00 1.073249895590674186e+00
5.517578125000000000e+00 1.000874488647755634e+00
5.566406250000000000e+00 9.195256481399729509e-01
5.615234375000000000e+00 8.990445483656884784e-01
5.664062500000000000e+00 9.057358421361481060e-01
5.712890625000000000e+00 8.831360525887039792e-01
5.761718750000000000e+00 8.625174099428772889e-01
5.810546875000000000e+00 8.798249750575525274e-01
5.859375000000000000e+00 9.104546379417060020e-01
5.908203125000000000e+00 9.363478376162075456e-01
5.957031250000000000e+00 9.548427000571266809e-01
6.005859375000000000e+00 9.400263939342408115e-01
6.054687500000000000e+00 8.896772014954431596e-01
6.103515625000000000e+00 8.620199850599360447e-01
6.152343750000000000e+00 8.900646485344889669e-01
6.201171875000000000e+00 9.183767781376812600e-01
6.250000000000000000e+00 8.963609008245717602e-01
6.298828125000000000e+00 8.595025627163868087e-01
6.347656250000000000e+00 8.642360351148355990e-01
6.396484375000000000e+00 8.947256664142319016e-01
6.445312500000000000e+00 8.953103963862113490e-01
6.494140625000000000e+00 8.641512307053754727e-01
6.542968750000000000e+00 8.393590304546303393e-01
6.591796875000000000e+00 8.287539753975176060e-01
6.640625000000000000e+00 8.275363279819308859e-01
6.689453125000000000e+00 8.408387383156870065e-01
6.738281250000000000e+00 8.370181024661399460e-01
6.787109375000000000e+00 8.033761805414546542e-01
6.835937500000000000e+00 8.011115281010524614e-01
6.884765625000000000e+00 8.414082466748800115e-01
6.933593750000000000e+00 8.769284965781060093e-01
6.982421875000000000e+00 8.976139945114210983e-01
7.031250000000000000e+00 9.057643861753548187e-01
7.080078125000000000e+00 8.830619023616945729e-01
7.128906250000000000e+00 8.357918824678165493e-01
7.177734375000000000e+00 8.114192454006177169e-01
7.226562500000000000e+00 8.208711443916817396e-01
7.275390625000000000e+00 8.244180539647295580e-01
7.324218750000000000e+00 8.001705905255175333e-01
7.373046875000000000e+00 7.620424035745166913e-01
7.421875000000000000e+00 7.520210298554671491e-01
7.470703125000000000e+00 7.968411664063024258e-01
7.519531250000000000e+00 8.404688905520716347e-01
7.568359375000000000e+00 7.980000695024308532e-01
7.617187500000000000e+00 7.079750553655880241e-01
7.666015625000000000e+00 6.784839539035181222e-01
7.714843750000000000e+00 7.020065255988650055e-01
7.763671875000000000e+00 7.371495821273975624e-01
7.812500000000000000e+00 8.252457819546065165e-01
7.861328125000000000e+00 9.576974197753932438e-01
7.910156250000000000e+00 1.022529756619247721e+00
7.958984375000000000e+00 9.567691964481690459e-01
8.007812500000000000e+00 8.478742214008946343e-01
8.056640625000000000e+00 8.293325721102398074e-01
8.105468750000000000e+00 8.999933920965775824e-01
8.154296875000000000e+00 9.661555767341175605e-01
8.203125000000000000e+00 9.914886884108257137e-01
8.251953125000000000e+00 9.813158864636992718e-01
8.300781250000000000e+00 9.170556318802034479e-01
8.349609375000000000e+00 8.089182337996699834e-01
8.398437500000000000e+00 7.288201518885333297e-01
8.447265625000000000e+00 7.273007476456772036e-01
8.496093750000000000e+00 7.983541696325958670e-01
8.544921875000000000e+00 8.742000247628077814e-01
8.593750000000000000e+00 8.671525917189499832e-01
8.642578125000000000e+00 8.096387336663050105e-01
8.691406250000000000e+00 8.054802040914662564e-01
8.740234375000000000e+00 8.354382281524762588e-01
8.789062500000000000e+00 8.218175226514773390e-01
8.837890625000000000e+00 7.934007014762389787e-01
8.886718750000000000e+00 7.910006966637045389e-01
8.935546875000000000e+00 7.826265910012297766e-01
8.984375000000000000e+00 7.536150005681377939e-01
9.033203125000000000e+00 7.310455741709248612e-01
9.082031250000000000e+00 7.387581660359195945e-01
9.130859375000000000e+00 7.640561985412870349e-01
9.179687500000000000e+00 7.672181822781801719e-01
9.228515625000000000e+00 7.493778216369598733e-01
9.277343750000000000e+00 7.623523391264934723e-01
9.326171875000000000e+00 8.467874742158041368e-01
9.375000000000000000e+00 9.800387768034422020e-01
9.423828125000000000e+00 1.074825270308381375e+00
9.472656250000000000e+00 1.067291097501195551e+00
9.521484375000000000e+00 9.829596031445979598e-01
9.570312500000000000e+00 8.795127590448778010e-01
9.619140625000000000e+00 8.075014556056192561e-01
9.667968750000000000e+00 7.950558529804437891e-01
9.716796875000000000e+00 8.022901746773928311e-01
9.765625000000000000e+00 7.751529777557107925e-01
9.814453125000000000e+00 7.258967504729666453e-01
9.863281250000000000e+00 6.837893522002397306e-01
9.912109375000000000e+00 6.486549491509725485e-01
9.960937500000000000e+00 6.271077051984337292e-01
1.000976562500000000e+01 6.409328304210556437e-01
1.005859375000000000e+01 6.968534777817144699e-01
1.010742187500000000e+01 7.685874916434252135e-01
1.015625000000000000e+01 8.151807630312244424e-01
1.020507812500000000e+01 8.171488510384435910e-01
1.025390625000000000e+01 7.924175041550141074e-01
1.030273437500000000e+01 7.848646136692383202e-01
1.035156250000000000e+01 8.339663958939206312e-01
1.040039062500000000e+01 9.259909424914096743e-01
1.044921875000000000e+01 9.843917380157327646e-01
1.049804687500000000e+01 9.641710476436212707e-01
1.054687500000000000e+01 9.093278260107583444e-01
1.059570312500000000e+01 8.623027457654195427e-01
1.064453125000000000e+01 8.406956813986080634e-01
1.069335937500000000e+01 8.649264071240030383e-01
1.074218750000000000e+01 8.874766664967667085e-01
1.079101562500000000e+01 8.442908758247308354e-01
1.083984375000000000e+01 7.836997392099235293e-01
1.088867187500000000e+01 7.936678146782549792e-01
1.093750000000000000e+01 8.691953417165839690e-01
1.098632812500000000e+01 9.150148714742547540e-01
1.103515625000000000e+01 8.833097380975031276e-01
1.108398437500000000e+01 8.567792946891109596e-01
1.113281250000000000e+01 8.817008018482679343e-01
1.118164062500000000e+01 8.831620159296519335e-01
1.123046875000000000e+01 8.483554209545023372e-01
1.127929687500000000e+01 8.587787541661231483e-01
1.132812500000000000e+01 9.245196702762890073e-01
1.137695312500000000e+01 9.524074731448815001e-01
1.142578125000000000e+01 8.981740066878849404e-01
1.147460937500000000e+01 8.545950171624141500e-01
1.152343750000000000e+01 8.884193717463049200e-01
1.157226562500000000e+01 9.329308875454558336e-01
1.162109375000000000e+01 9.356775362928216877e-01
1.166992187500000000e+01 9.334183790724562835e-01
1.171875000000000000e+01 9.493692738897687722e-01
1.176757812500000000e+01 9.636477051426264318e-01
1.181640625000000000e+01 9.653784617315485095e-01
1.186523437500000000e+01 9.588412546590221464e-01
1.191406250000000000e+01 9.447470164317276486e-01
1.196289062500000000e+01 9.299494452464952543e-01
1.201171875000000000e+01 9.451241039145096279e-01
1.206054687500000000e+01 9.950597197861097420e-01
1.210937500000000000e+01 1.012813015264413030e+00
1.215820312500000000e+01 9.450876533441660010e-01
1.220703125000000000e+01 8.539348221524091231e-01
1.225585937500000000e+01 8.234264612300090658e-01
1.230468750000000000e+01 8.422240861324186145e-01
1.235351562500000000e+01 8.575866471034815364e-01
1.240234375000000000e+01 8.370253892010065533e-01
1.245117187500000000e+01 7.827767878163280901e-01
1.250000000000000000e+01 7.375713714133582677e-01
1.254882812500000000e+01 7.289888362924662468e-01
1.259765625000000000e+01 7.330573362587798902e-01
1.264648437500000000e+01 7.241963459980360618e-01
1.269531250000000000e+01 7.106387662184581178e-01
1.274414062500000000e+01 7.076838974019973305e-01
1.279296875000000000e+01 7.124779422368942017e-01
1.284179687500000000e+01 7.181611600289565800e-01
1.289062500000000000e+01 7.184897240567897914e-01
1.293945312500000000e+01 7.048163053171322412e-01
1.298828125000000000e+01 6.923530034956697499e-01
1.303710937500000000e+01 7.072796272333407019e-01
1.308593750000000000e+01 7.244440752655139093e-01
1.313476562500000000e+01 7.027409619899447346e-01
1.318359375000000000e+01 6.698188276016424636e-01
1.323242187500000000e+01 6.702930258808089681e-01
1.328125000000000000e+01 6.943640129496444491e-01
1.333007812500000000e+01 7.361588788157719110e-01
1.337890625000000000e+01 8.104991443705742427e-01
1.342773437500000000e+01 8.827721295061869977e-01
1.347656250000000000e+01 9.310017925501277158e-01
1.352539062500000000e+01 1.003592992074979318e+00
1.357421875000000000e+01 1.092021787927050847e+00
1.362304687500000000e+01 1.116107116264484889e+00
1.367187500000000000e+01 1.071215894156152704e+00
1.372070312500000000e+01 1.007811959066142737e+00
1.376953125000000000e+01 9.313594953266822740e-01
1.381835937500000000e+01 8.419105890735936182e-01
1.386718750000000000e+01 7.613873958269943287e-01
1.391601562500000000e+01 6.994691570965109184e-01
1.396484375000000000e+01 6.625907109883271140e-01
1.401367187500000000e+01 6.674452428965799156e-01
1.406250000000000000e+01 7.226384219566293066e-01
1.411132812500000000e+01 8.056342896922290553e-01
1.416015625000000000e+01 8.779280897016840113e-01
1.420898437500000000e+01 9.278774784210311877e-01
1.425781250000000000e+01 9.570735933432218401e-01
1.430664062500000000e+01 9.681674111571679786e-01
1.435546875000000000e+01 9.795216260708864420e-01
1.440429687500000000e+01 9.971092225303901380e-01
1.445312500000000000e+01 1.009058704154398800e+00
1.450195312500000000e+01 1.010806880919798312e+00
1.455078125000000000e+01 1.004410896418338250e+00
1.459960937500000000e+01 9.788713474020617200e-01
1.464843750000000000e+01 9.362786661353997841e-01
1.469726562500000000e+01 9.171462154438554393e-01
1.474609375000000000e+01 9.365715946008983384e-01
1.479492187500000000e+01 9.635120359567439507e-01
1.484375000000000000e+01 9.662074710916422893e-01
1.489257812500000000e+01 9.586279194589465424e-01
1.494140625000000000e+01 9.927123177085345196e-01
1.499023437500000000e+01 1.045218770505866202e+00
1.503906250000000000e+01 1.031831427126600920e+00
1.508789062500000000e+01 9.595127685310402832e-01
1.513671875000000000e+01 8.904886915826427662e-01
1.518554687500000000e+01 8.359251030502220514e-01
1.523437500000000000e+01 8.065861129499222182e-01
1.528320312500000000e+01 8.325069299773432130e-01
1.533203125000000000e+01 8.875440661555245025e-01
1.538085937500000000e+01 9.088119958769306228e-01
1.542968750000000000e+01 8.901546161255508016e-01
1.547851562500000000e+01 8.672242864995243217e-01
1.552734375000000000e+01 8.533370460181644024e-01
1.557617187500000000e+01 8.511965473080984612e-01
1.562500000000000000e+01 8.525594609680762215e-01
1.567382812500000000e+01 8.372575011976396420e-01
1.572265625000000000e+01 8.139356148739955721e-01
1.577148437500000000e+01 8.063361735416934017e-01
1.582031250000000000e+01 8.199656992896598995e-01
1.586914062500000000e+01 8.347870559989322148e-01
1.591796875000000000e+01 8.086628853612360945e-01
1.596679687500000000e+01 7.489919803218476613e-01
1.601562500000000000e+01 7.405522758398837002e-01
1.606445312500000000e+01 8.267751285944185957e-01
1.611328125000000000e+01 9.358494116782024586e-01
1.616210937500000000e+01 9.757713233566920330e-01
1.621093750000000000e+01 9.447711177453491649e-01
1.625976562500000000e+01 8.962358793061304674e-01
1.630859375000000000e+01 8.767165834552503867e-01
1.635742187500000000e+01 8.985573261613156726e-01
1.640625000000000000e+01 9.113618592438077481e-01
1.645507812500000000e+01 8.621359777157274751e-01
1.650390625000000000e+01 7.691138524263954057e-01
1.655273437500000000e+01 6.912061752974176798e-01
1.660156250000000000e+01 6.475877670545089337e-01
1.665039062500000000e+01 6.230425376202154419e-01
1.669921875000000000e+01 6.272668354782056088e-01
1.674804687500000000e+01 6.492425379464751289e-01
1.679687500000000000e+01 6.394798314617115009e-01
1.684570312500000000e+01 6.072794014914433269e-01
1.689453125000000000e+01 6.075278027457795549e-01
1.694335937500000000e+01 6.303644458912048831e-01
1.699218750000000000e+01 6.314086939217696814e-01
1.704101562500000000e+01 6.274613121912759883e-01
1.708984375000000000e+01 6.485968566874292796e-01
1.713867187500000000e+01 6.787798993280156346e-01
1.718750000000000000e+01 6.959797040552225811e-01
1.723632812500000000e+01 7.015240731360359305e-01
1.728515625000000000e+01 7.187177305274420336e-01
1.733398437500000000e+01 7.581479511778554947e-01
1.738281250000000000e+01 7.718989383527123938e-01
1.743164062500000000e+01 7.355722871624553738e-01
1.748046875000000000e+01 7.093578707794903071e-01
1.752929687500000000e+01 7.177908840381753697e-01
1.757812500000000000e+01 7.216381676798361289e-01
1.762695312500000000e+01 7.286889505768795461e-01
1.767578125000000000e+01 7.806918907946353015e-01
1.772460937500000000e+01 8.672688964018501201e-01
1.777343750000000000e+01 9.536365477460467810e-01
1.782226562500000000e+01 1.022533307605328456e+00
1.787109375000000000e+01 1.045708333406918822e+00
1.791992187500000000e+01 1.016979112927823170e+00
1.796875000000000000e+01 9.807726790451879451e-01
1.801757812500000000e+01 9.543112128653112869e-01
1.806640625000000000e+01 9.369963962136342861e-01
1.811523437500000000e+01 9.648026660699283719e-01
1.816406250000000000e+01 1.020867440792057046e+00
1.821289062500000000e+01 1.016539059183224403e+00
1.826171875000000000e+01 9.151897183128158142e-01
1.831054687500000000e+01 7.822883558342758059e-01
1.835937500000000000e+01 7.005875264221360643e-01
1.840820312500000000e+01 6.763769062253260911e-01
1.845703125000000000e+01 6.625306399540273894e-01
1.850585937500000000e+01 6.250397395624811558e-01
1.855468750000000000e+01 5.506346920969119596e-01
1.860351562500000000e+01 4.540642492383497597e-01
1.865234375000000000e+01 3.776411144660546393e-01
1.870117187500000000e+01 3.478084016178650817e-01
1.875000000000000000e+01 3.497313049343170333e-01
1.879882812500000000e+01 3.555333707635348062e-01
1.884765625000000000e+01 3.664509776564995880e-01
1.889648437500000000e+01 4.036637070563220964e-01
1.894531250000000000e+01 4.755600706455665461e-01
1.899414062500000000e+01 5.752024619718785203e-01
1.904296875000000000e+01 6.839395689984046900e-01
1.909179687500000000e+01 7.682257401049463752e-01
1.914062500000000000e+01 7.932784952484983609e-01
1.918945312500000000e+01 7.577592864543889473e-01
1.923828125000000000e+01 7.049816432064623939e-01
1.928710937500000000e+01 6.793641539059852574e-01
1.933593750000000000e+01 6.894626103177723397e-01
1.938476562500000000e+01 7.203783072942433474e-01
1.943359375000000000e+01 7.571688452927858304e-01
1.948242187500000000e+01 7.866433473139791133e-01
1.953125000000000000e+01 8.006285176957226302e-01
1.958007812500000000e+01 8.116603518134111184e-01
1.962890625000000000e+01 8.403146071665591466e-01
1.967773437500000000e+01 8.718552313450418367e-01
1.972656250000000000e+01 8.669471030955667734e-01
1.977539062500000000e+01 8.246490324805989536e-01
1.982421875000000000e+01 7.828508712160564542e-01
1.987304687500000000e+01 7.863492190143127614e-01
1.992187500000000000e+01 8.474287063213348237e-01
1.997070312500000000e+01 9.305797271659878023e-01
2.001953125000000000e+01 1.016142285218772923e+00
2.006835937500000000e+01 1.091735701525700319e+00
2.011718750000000000e+01 1.119883104163340581e+00
2.016601562500000000e+01 1.086654905827598716e+00
2.021484375000000000e+01 1.022540697590063941e+00
2.026367187500000000e+01 9.741773829660759221e-01
2.031250000000000000e+01 9.604415980770121264e-01
2.036132812500000000e+01 9.621460176156855226e-01
2.041015625000000000e+01 9.658666011814630581e-01
2.045898437500000000e+01 9.819059575698433351e-01
2.050781250000000000e+01 9.968616572087378724e-01
2.055664062500000000e+01 9.787355143139278013e-01
2.060546875000000000e+01 9.378765788118852420e-01
2.065429687500000000e+01 9.250348816043916234e-01
2.070312500000000000e+01 9.814389877160407671e-01
2.075195312500000000e+01 1.071905287419019359e+00
2.080078125000000000e+01 1.113181615842595784e+00
2.084960937500000000e+01 1.103970502759714423e+00
2.089843750000000000e+01 1.119151676698495912e+00
2.094726562500000000e+01 1.176472129406993972e+00
2.099609375000000000e+01 1.215358674491775703e+00
2.104492187500000000e+01 1.189491756575094428e+00
2.109375000000000000e+01 1.143031130131710649e+00
2.114257812500000000e+01 1.169776798378300287e+00
2.119140625000000000e+01 1.247694871772470071e+00
2.124023437500000000e+01 1.268053322244786285e+00
2.128906250000000000e+01 1.237075193537640061e+00
2.133789062500000000e+01 1.213544990598055984e+00
2.138671875000000000e+01 1.175936777749065243e+00
2.143554687500000000e+01 1.112051528925875221e+00
2.148437500000000000e+01 1.063458651446912651e+00
2.153320312500000000e+01 1.044042374502153869e+00
2.158203125000000000e+01 1.049732211745320054e+00
2.163085937500000000e+01 1.063451246571449849e+00
2.167968750000000000e+01 1.034392738808505685e+00
2.172851562500000000e+01 9.819910699629886830e-01
2.177734375000000000e+01 9.860459697962177250e-01
2.182617187500000000e+01 1.040313167808722961e+00
2.187500000000000000e+01 1.089855111572811008e+00
2.192382812500000000e+01 1.138985644920009754e+00
2.197265625000000000e+01 1.227292648437975808e+00
2.202148437500000000e+01 1.356344262278909252e+00
2.207031250000000000e+01 1.458459894438752125e+00
2.211914062500000000e+01 1.461129672687096814e+00
2.216796875000000000e+01 1.399215060227571472e+00
2.221679687500000000e+01 1.364302100878139301e+00
2.226562500000000000e+01 1.379193882129537085e+00
2.231445312500000000e+01 1.414751866886544862e+00
2.236328125000000000e+01 1.434903844070502421e+00
2.241210937500000000e+01 1.439023181959419251e+00
2.246093750000000000e+01 1.468809228363424868e+00
2.250976562500000000e+01 1.527919068448903683e+00
2.255859375000000000e+01 1.579775770289064907e+00
2.260742187500000000e+01 1.593432547249035602e+00
2.265625000000000000e+01 1.550078327187765836e+00
2.270507812500000000e+01 1.460913792925738308e+00
2.275390625000000000e+01 1.353840919354792893e+00
2.280273437500000000e+01 1.279306617781406308e+00
2.285156250000000000e+01 1.295662098706951371e+00
2.290039062500000000e+01 1.370788214986750964e+00
2.294921875000000000e+01 1.406479331979720415e+00
2.299804687500000000e+01 1.383412771763254279e+00
2.304687500000000000e+01 1.344564758310228036e+00
2.309570312500000000e+01 1.281978205176061314e+00
2.314453125000000000e+01 1.176841183646317734e+00
2.319335937500000000e+01 1.075614121356210706e+00
2.324218750000000000e+01 1.024140752817655597e+00
2.329101562500000000e+01 1.004055364539516715e+00
2.333984375000000000e+01 9.914539683424780092e-01
2.338867187500000000e+01 9.972005032585469220e-01
2.343750000000000000e+01 1.034984179154300632e+00
2.348632812500000000e+01 1.082086497912069678e+00
2.353515625000000000e+01 1.098440780301659148e+00
2.358398437500000000e+01 1.099163765314128405e+00
2.363281250000000000e+01 1.147600359257678226e+00
2.368164062500000000e+01 1.271879028008938484e+00
2.373046875000000000e+01 1.415327078154359874e+00
2.377929687500000000e+01 1.493927274305791864e+00
2.382812500000000000e+01 1.480018405117552005e+00
2.387695312500000000e+01 1.448937901616909274e+00
2.392578125000000000e+01 1.524507235280611050e+00
2.397460937500000000e+01 1.667884864813342416e+00
2.402343750000000000e+01 1.688503695785694037e+00
2.407226562500000000e+01 1.541220321065508880e+00
2.412109375000000000e+01 1.396003818479142566e+00
2.416992187500000000e+01 1.383128364097379270e+00
2.421875000000000000e+01 1.440365943940815185e+00
2.426757812500000000e+01 1.489476950382204956e+00
2.431640625000000000e+01 1.554662683788290645e+00
2.436523437500000000e+01 1.625380546134107984e+00
2.441406250000000000e+01 1.635121312958843109e+00
2.446289062500000000e+01 1.555540468064568804e+00
2.451171875000000000e+01 1.413796896969390371e+00
2.456054687500000000e+01 1.291763251696795178e+00
2.460937500000000000e+01 1.258217207277530392e+00
2.465820312500000000e+01 1.295229665190885004e+00
2.470703125000000000e+01 1.357518168717203766e+00
2.475585937500000000e+01 1.439523477396344120e+00
2.480468750000000000e+01 1.528346151015225640e+00
2.485351562500000000e+01 1.587125437494463220e+00
2.490234375000000000e+01 1.637948615368833849e+00
2.495117187500000000e+01 1.738533267704759133e+00
2.500000000000000000e+01 1.859894248582762089e+00
2.504882812500000000e+01 1.903652487603464394e+00
2.509765625000000000e+01 1.815395620125032305e+00
2.514648437500000000e+01 1.651976738817666268e+00
2.519531250000000000e+01 1.560967723119191186e+00
2.524414062500000000e+01 1.623148334190646080e+00
2.529296875000000000e+01 1.745690030390247616e+00
2.534179687500000000e+01 1.803390766993439254e+00
2.539062500000000000e+01 1.801658424230757616e+00
2.543945312500000000e+01 1.794671999494096060e+00
2.548828125000000000e+01 1.747764395910014645e+00
2.553710937500000000e+01 1.642586385517058156e+00
2.558593750000000000e+01 1.597171617070511918e+00
2.563476562500000000e+01 1.673241111580059393e+00
2.568359375000000000e+01 1.742275592997608591e+00
2.573242187500000000e+01 1.709285184739919305e+00
2.578125000000000000e+01 1.642525918542757646e+00
2.583007812500000000e+01 1.632706314587183405e+00
2.587890625000000000e+01 1.679103091792072400e+00
2.592773437500000000e+01 1.724360483717950476e+00
2.597656250000000000e+01 1.757155384618891203e+00
2.602539062500000000e+01 1.807755855216207408e+00
2.607421875000000000e+01 1.878084456817942671e+00
2.612304687500000000e+01 1.982293337627112795e+00
2.617187500000000000e+01 2.113732392118521819e+00
2.622070312500000000e+01 2.143476889533868057e+00
2.626953125000000000e+01 2.038698630531981415e+00
2.631835937500000000e+01 2.001887277672594223e+00
2.636718750000000000e+01 2.126468593121485728e+00
2.641601562500000000e+01 2.265451355417649193e+00
2.646484375000000000e+01 2.284047766219324149e+00
2.651367187500000000e+01 2.181409175712717197e+00
2.656250000000000000e+01 2.062147963754253244e+00
2.661132812500000000e+01 2.030463792895723429e+00
2.666015625000000000e+01 2.103705438278258733e+00
2.670898437500000000e+01 2.250695873388050661e+00
2.675781250000000000e+01 2.393522820911463178e+00
2.680664062500000000e+01 2.451477530998510179e+00
2.685546875000000000e+01 2.434947826314977970e+00
2.690429687500000000e+01 2.399496572881989920e+00
2.695312500000000000e+01 2.320740599754965494e+00
2.700195312500000000e+01 2.136559630656247766e+00
2.705078125000000000e+01 1.939477608433209044e+00
2.709960937500000000e+01 1.867106168707604263e+00
2.714843750000000000e+01 1.830545747160093217e+00
2.719726562500000000e+01 1.674319929385406525e+00
2.724609375000000000e+01 1.459459532797866332e+00
2.729492187500000000e+01 1.357135893098229351e+00
2.734375000000000000e+01 1.436915944795883693e+00
2.739257812500000000e+01 1.635874482491627813e+00
2.744140625000000000e+01 1.852948763981732361e+00
2.749023437500000000e+01 2.012459486575470802e+00
2.753906250000000000e+01 2.114019299096502991e+00
2.758789062500000000e+01 2.276039037301658130e+00
2.763671875000000000e+01 2.534904698024050163e+00
2.768554687500000000e+01 2.727049667901135344e+00
2.773437500000000000e+01 2.773292352055016785e+00
2.778320312500000000e+01 2.817542293754920379e+00
2.783203125000000000e+01 2.925596731604977130e+00
2.788085937500000000e+01 2.973288781851741280e+00
2.792968750000000000e+01 2.906540534792160013e+00
2.797851562500000000e+01 2.754816828577110854e+00
2.802734375000000000e+01 2.539547163857414969e+00
2.807617187500000000e+01 2.357264047337754853e+00
2.812500000000000000e+01 2.282836747075907891e+00
2.817382812500000000e+01 2.227122553297001151e+00
2.822265625000000000e+01 2.158386085501794671e+00
2.827148437500000000e+01 2.237830595080605889e+00
2.832031250000000000e+01 2.559741614666621867e+00
2.836914062500000000e+01 3.034391748563403102e+00
2.841796875000000000e+01 3.459304600529213403e+00
2.846679687500000000e+01 3.626039959159458981e+00
2.851562500000000000e+01 3.552035297049229712e+00
2.856445312500000000e+01 3.482748694467592276e+00
2.861328125000000000e+01 3.552088048838603740e+00
2.866210937500000000e+01 3.735470500046877973e+00
2.871093750000000000e+01 4.011773075163485913e+00
2.875976562500000000e+01 4.275543524483487623e+00
2.880859375000000000e+01 4.414555709722495003e+00
2.885742187500000000e+01 4.438849524299211424e+00
2.890625000000000000e+01 4.325292991397106768e+00
2.895507812500000000e+01 4.053937077034697190e+00
2.900390625000000000e+01 3.750871021048428400e+00
2.905273437500000000e+01 3.605720852915007768e+00
2.910156250000000000e+01 3.753100953934772832e+00
2.915039062500000000e+01 4.172218230117108462e+00
2.919921875000000000e+01 4.685480468213428118e+00
2.924804687500000000e+01 5.141006135902227214e+00
2.929687500000000000e+01 5.505659052181883339e+00
2.934570312500000000e+01 5.802235460020253477e+00
2.939453125000000000e+01 6.060979552710631602e+00
2.944335937500000000e+01 6.327017772076133362e+00
2.949218750000000000e+01 6.550384510882510725e+00
2.954101562500000000e+01 6.530665209598756071e+00
2.958984375000000000e+01 6.195784157119238245e+00
2.963867187500000000e+01 5.817591984874103339e+00
2.968750000000000000e+01 5.701169096432464833e+00
2.973632812500000000e+01 5.710709267663067301e+00
2.978515625000000000e+01 5.538592873116663817e+00
2.983398437500000000e+01 5.156717488676193284e+00
2.988281250000000000e+01 4.594337998674804524e+00
2.993164062500000000e+01 3.863988979209552088e+00
2.998046875000000000e+01 3.177993495769025678e+00
3.002929687500000000e+01 2.774902570666481161e+00
3.007812500000000000e+01 2.687553018627783175e+00
3.012695312500000000e+01 2.784059279706771139e+00
3.017578125000000000e+01 2.917794247809077035e+00
3.022460937500000000e+01 3.028339586281219020e+00
3.027343750000000000e+01 3.091055950952272369e+00
3.032226562500000000e+01 3.011751734224044963e+00
3.037109375000000000e+01 2.735322011066218639e+00
3.041992187500000000e+01 2.438024810351530736e+00
3.046875000000000000e+01 2.304101774496198463e+00
3.051757812500000000e+01 2.278870011208747215e+00
3.056640625000000000e+01 2.252471599680834213e+00
3.061523437500000000e+01 2.181576638961412407e+00
3.066406250000000000e+01 2.048659497627111303e+00
3.071289062500000000e+01 1.892409374855138493e+00
3.076171875000000000e+01 1.765984484165882273e+00
3.081054687500000000e+01 1.667841243253532113e+00
3.085937500000000000e+01 1.586667784987216168e+00
3.090820312500000000e+01 1.531045871840421402e+00
3.095703125000000000e+01 1.489702671336411210e+00
3.100585937500000000e+01 1.434535622456976522e+00
3.105468750000000000e+01 1.363145130794258808e+00
3.110351562500000000e+01 1.306537803627459970e+00
3.115234375000000000e+01 1.289193464886812412e+00
3.120117187500000000e+01 1.301822829541919191e+00
3.125000000000000000e+01 1.332023019557161403e+00
3.129882812500000000e+01 1.384229308425070748e+00
3.134765625000000000e+01 1.456551402171614606e+00
3.139648437500000000e+01 1.530262747398510426e+00
3.144531250000000000e+01 1.600876769887706885e+00
3.149414062500000000e+01 1.698467180541187060e+00
3.154296875000000000e+01 1.846878331701797826e+00
3.159179687500000000e+01 2.053198089608390564e+00
3.164062500000000000e+01 2.330152171146987250e+00
3.168945312500000000e+01 2.625826967764275821e+00
3.173828125000000000e+01 2.799962551512362285e+00
3.178710937500000000e+01 2.831995655584272686e+00
3.183593750000000000e+01 2.863054955156265180e+00
3.188476562500000000e+01 2.901491215606696539e+00
3.193359375000000000e+01 2.839111344460647501e+00
3.198242187500000000e+01 2.690005481783570573e+00
3.203125000000000000e+01 2.512242907332124631e+00
3.208007812500000000e+01 2.331416779850960186e+00
3.212890625000000000e+01 2.185868162543769255e+00
3.217773437500000000e+01 2.093081224821496278e+00
3.222656250000000000e+01 2.029399872186749665e+00
3.227539062500000000e+01 1.968419165311812380e+00
3.232421875000000000e+01 1.908711955620533418e+00
3.237304687500000000e+01 1.858705893524301267e+00
3.242187500000000000e+01 1.840949189433889854e+00
3.247070312500000000e+01 1.873358932123474263e+00
3.251953125000000000e+01 1.918330065492661829e+00
3.256835937500000000e+01 1.939383260734673042e+00
3.261718750000000000e+01 1.959135474946885447e+00
3.266601562500000000e+01 2.020849787885435678e+00
3.271484375000000000e+01 2.148955701974141430e+00
3.276367187500000000e+01 2.289678505530325481e+00
3.281250000000000000e+01 2.371358919718036695e+00
3.286132812500000000e+01 2.442445873979810500e+00
3.291015625000000000e+01 2.531521229244515503e+00
3.295898437500000000e+01 2.536605727187922987e+00
3.300781250000000000e+01 2.436845568550178420e+00
3.305664062500000000e+01 2.343750167599473411e+00
3.310546875000000000e+01 2.294308017572638025e+00
3.315429687500000000e+01 2.238504960124515719e+00
3.320312500000000000e+01 2.182566199267285345e+00
3.325195312500000000e+01 2.170506447786604731e+00
3.330078125000000000e+01 2.174554722183475342e+00
3.334960937500000000e+01 2.143119525206884646e+00
3.339843750000000000e+01 2.083232562112254271e+00
3.344726562500000000e+01 2.010122972482561998e+00
3.349609375000000000e+01 1.918120895429071826e+00
3.354492187500000000e+01 1.812027932068934533e+00
3.359375000000000000e+01 1.708106611585793022e+00
3.364257812500000000e+01 1.606788138074912053e+00
3.369140625000000000e+01 1.497479174567478699e+00
3.374023437500000000e+01 1.391647710303670626e+00
3.378906250000000000e+01 1.329978507713192482e+00
3.383789062500000000e+01 1.353098589068982616e+00
3.388671875000000000e+01 1.472960583503358345e+00
3.393554687500000000e+01 1.672000355245572889e+00
3.398437500000000000e+01 1.889997585444902484e+00
3.403320312500000000e+01 2.031286336680524940e+00
3.408203125000000000e+01 2.065439300117711596e+00
3.413085937500000000e+01 2.086127030501517599e+00
3.417968750000000000e+01 2.173461143821241670e+00
3.422851562500000000e+01 2.291572428164089015e+00
3.427734375000000000e+01 2.380277019474673850e+00
3.432617187500000000e+01 2.414404071621260250e+00
3.437500000000000000e+01 2.416139415379932043e+00
3.442382812500000000e+01 2.428670630329889502e+00
3.447265625000000000e+01 2.421912614276012565e+00
3.452148437500000000e+01 2.345653144224706388e+00
3.457031250000000000e+01 2.260649143695649510e+00
3.461914062500000000e+01 2.234229145882522527e+00
3.466796875000000000e+01 2.204782645632655136e+00
3.471679687500000000e+01 2.118008569977281041e+00
3.476562500000000000e+01 2.031192314712253033e+00
3.481445312500000000e+01 1.999503856426063653e+00
3.486328125000000000e+01 2.013941787883512191e+00
3.491210937500000000e+01 2.041492049561330901e+00
3.496093750000000000e+01 2.049174486162650854e+00
3.500976562500000000e+01 2.033570865697650998e+00
3.505859375000000000e+01 2.010345880091823023e+00
3.510742187500000000e+01 1.976281395048801626e+00
3.515625000000000000e+01 1.956668423192610362e+00
3.520507812500000000e+01 2.010407017821504994e+00
3.525390625000000000e+01 2.153415683760740329e+00
3.530273437500000000e+01 2.343591008596613623e+00
3.535156250000000000e+01 2.489052732566870318e+00
3.540039062500000000e+01 2.504429353752963827e+00
3.544921875000000000e+01 2.456059500189261779e+00
3.549804687500000000e+01 2.504324863025826797e+00
3.554687500000000000e+01 2.645398660805107660e+00
3.559570312500000000e+01 2.760494024874359464e+00
3.564453125000000000e+01 2.819782870781951445e+00
3.569335937500000000e+01 2.849729354373836010e+00
3.574218750000000000e+01 2.864006043258633838e+00
3.579101562500000000e+01 2.852854470395021824e+00
3.583984375000000000e+01 2.810988126092350381e+00
3.588867187500000000e+01 2.755215104705227791e+00
3.593750000000000000e+01 2.679565842842081658e+00
3.598632812500000000e+01 2.583709954510425177e+00
3.603515625000000000e+01 2.528070537644429905e+00
3.608398437500000000e+01 2.535055712991530541e+00
3.613281250000000000e+01 2.530093462941213733e+00
3.618164062500000000e+01 2.460446485842347375e+00
3.623046875000000000e+01 2.344363016713915560e+00
3.627929687500000000e+01 2.225968048658154341e+00
3.632812500000000000e+01 2.157274595359475189e+00
3.637695312500000000e+01 2.163263364085501905e+00
3.642578125000000000e+01 2.204271414461526302e+00
3.647460937500000000e+01 2.224380554466641069e+00
3.652343750000000000e+01 2.237559553579231419e+00
3.657226562500000000e+01 2.293642069139765649e+00
3.662109375000000000e+01 2.361644660700106702e+00
3.666992187500000000e+01 2.371870388380572070e+00
3.671875000000000000e+01 2.316228769704610002e+00
3.676757812500000000e+01 2.216575397412697601e+00
3.681640625000000000e+01 2.115479241946466527e+00
3.686523437500000000e+01 2.078957040453588867e+00
3.691406250000000000e+01 2.123336981620026709e+00
3.696289062500000000e+01 2.207730882905571512e+00
3.701171875000000000e+01 2.298820211849784023e+00
3.706054687500000000e+01 2.353223300830305398e+00
3.710937500000000000e+01 2.336958515808938319e+00
3.715820312500000000e+01 2.316579691654499396e+00
3.720703125000000000e+01 2.343865753961128284e+00
3.725585937500000000e+01 2.368560016202350571e+00
3.730468750000000000e+01 2.365959075784956234e+00
3.735351562500000000e+01 2.361209530114463551e+00
3.740234375000000000e+01 2.378956454903843110e+00
3.745117187500000000e+01 2.426494375062919318e+00
3.750000000000000000e+01 2.450772124244081418e+00
3.754882812500000000e+01 2.393621389028252278e+00
3.759765625000000000e+01 2.302884591387537760e+00
3.764648437500000000e+01 2.270132968666983775e+00
3.769531250000000000e+01 2.306857649755873485e+00
3.774414062500000000e+01 2.348478635172052353e+00
3.779296875000000000e+01 2.326734894209651294e+00
3.784179687500000000e+01 2.232694963394932675e+00
3.789062500000000000e+01 2.106993586440126798e+00
3.793945312500000000e+01 1.976895502495983559e+00
3.798828125000000000e+01 1.854020122042599361e+00
3.803710937500000000e+01 1.775965900993936364e+00
3.808593750000000000e+01 1.788010777793076045e+00
3.813476562500000000e+01 1.866385054680824940e+00
3.818359375000000000e+01 1.915979633834692386e+00
3.823242187500000000e+01 1.875563625947716639e+00
3.828125000000000000e+01 1.779044595607973900e+00
3.833007812500000000e+01 1.681552370525656759e+00
3.837890625000000000e+01 1.577360402169702747e+00
3.842773437500000000e+01 1.454809359166649108e+00
3.847656250000000000e+01 1.373204063047086532e+00
3.852539062500000000e+01 1.385670295050625223e+00
3.857421875000000000e+01 1.451872838710894786e+00
3.862304687500000000e+01 1.498743738118129221e+00
3.867187500000000000e+01 1.522562382355576061e+00
3.872070312500000000e+01 1.573945923184085327e+00
3.876953125000000000e+01 1.669052979236502754e+00
3.881835937500000000e+01 1.773140296993570564e+00
3.886718750000000000e+01 1.844893001054993320e+00
3.891601562500000000e+01 1.881030409391670322e+00
3.896484375000000000e+01 1.894793324208959850e+00
3.901367187500000000e+01 1.874252697811121138e+00
3.906250000000000000e+01 1.847363784905313278e+00
3.911132812500000000e+01 1.887440979593174584e+00
3.916015625000000000e+01 1.993157153699103068e+00
3.920898437500000000e+01 2.061830074063126350e+00
3.925781250000000000e+01 2.040453524915370132e+00
3.930664062500000000e+01 2.012730072122089098e+00
3.935546875000000000e+01 2.000771925038784982e+00
3.940429687500000000e+01 1.901797090898886378e+00
3.945312500000000000e+01 1.725311662268382396e+00
3.950195312500000000e+01 1.598579163805195602e+00
3.955078125000000000e+01 1.568820330553189590e+00
3.959960937500000000e+01 1.595683327139344021e+00
3.964843750000000000e+01 1.637740418626443262e+00
3.969726562500000000e+01 1.688777430438040961e+00
3.974609375000000000e+01 1.752876419754248571e+00
3.979492187500000000e+01 1.797478606574191451e+00
3.984375000000000000e+01 1.779704510590726096e+00
3.989257812500000000e+01 1.712112476605407663e+00
3.994140625000000000e+01 1.640327343484377254e+00
3.999023437500000000e+01 1.571752683278057061e+00
4.003906250000000000e+01 1.505021790030435236e+00
4.008789062500000000e+01 1.440177159076731161e+00
4.013671875000000000e+01 1.330227630226793467e+00
4.018554687500000000e+01 1.167925714798801806e+00
4.023437500000000000e+01 1.056866388561599646e+00
4.028320312500000000e+01 1.091262132828310971e+00
4.033203125000000000e+01 1.235506966376479943e+00
4.038085937500000000e+01 1.387199764659038159e+00
4.042968750000000000e+01 1.482865141343063797e+00
4.047851562500000000e+01 1.494338034696301554e+00
4.052734375000000000e+01 1.444129323800145581e+00
4.057617187500000000e+01 1.398941151915273462e+00
4.062500000000000000e+01 1.385605566551743939e+00
4.067382812500000000e+01 1.430926384814609431e+00
4.072265625000000000e+01 1.566836365067034498e+00
4.077148437500000000e+01 1.732647922890382164e+00
4.082031250000000000e+01 1.897767853424300100e+00
4.086914062500000000e+01 2.157626458975137052e+00
4.091796875000000000e+01 2.468548285635971951e+00
4.096679687500000000e+01 2.561881935036949720e+00
4.101562500000000000e+01 2.336792465298103139e+00
4.106445312500000000e+01 1.991456216494096543e+00
4.111328125000000000e+01 1.731439908333442412e+00
4.116210937500000000e+01 1.600821427926368390e+00
4.121093750000000000e+01 1.532267785126662618e+00
4.125976562500000000e+01 1.480595538484889007e+00
4.130859375000000000e+01 1.473569881169739748e+00
4.135742187500000000e+01 1.531905552455685715e+00
4.140625000000000000e+01 1.613809778370203674e+00
4.145507812500000000e+01 1.618780665358169335e+00
4.150390625000000000e+01 1.514294180382507626e+00
4.155273437500000000e+01 1.421366983578520093e+00
4.160156250000000000e+01 1.424148493356997003e+00
4.165039062500000000e+01 1.480162351021767186e+00
4.169921875000000000e+01 1.527974115707683600e+00
4.174804687500000000e+01 1.485918872972288751e+00
4.179687500000000000e+01 1.336016954238917309e+00
4.184570312500000000e+01 1.226671723732918329e+00
4.189453125000000000e+01 1.243187004741742818e+00
4.194335937500000000e+01 1.274725357843437212e+00
4.199218750000000000e+01 1.243384698624167450e+00
4.204101562500000000e+01 1.197383828032706710e+00
4.208984375000000000e+01 1.173387129052186895e+00
4.213867187500000000e+01 1.171668663693340662e+00
4.218750000000000000e+01 1.178898828126880405e+00
4.223632812500000000e+01 1.160480186187329066e+00
4.228515625000000000e+01 1.135499818064385602e+00
4.233398437500000000e+01 1.153086128918100917e+00
4.238281250000000000e+01 1.183852356958623675e+00
4.243164062500000000e+01 1.174145827279513998e+00
4.248046875000000000e+01 1.144984767742297294e+00
4.252929687500000000e+01 1.158698888378760561e+00
4.257812500000000000e+01 1.221180335339469680e+00
4.262695312500000000e+01 1.280968535418773424e+00
4.267578125000000000e+01 1.294894234354046603e+00
4.272460937500000000e+01 1.266258753972028472e+00
4.277343750000000000e+01 1.234214833377496046e+00
4.282226562500000000e+01 1.234602354390720969e+00
4.287109375000000000e+01 1.279456676044171903e+00
4.291992187500000000e+01 1.310740416859432322e+00
4.296875000000000000e+01 1.238816231569479509e+00
4.301757812500000000e+01 1.098168149342883648e+00
4.306640625000000000e+01 1.021356079219034596e+00
4.311523437500000000e+01 1.081143057129432927e+00
4.316406250000000000e+01 1.246781706143423429e+00
4.321289062500000000e+01 1.408764595521009966e+00
4.326171875000000000e+01 1.461842592870345348e+00
4.331054687500000000e+01 1.412723613293334513e+00
4.335937500000000000e+01 1.347539184001179002e+00
4.340820312500000000e+01 1.317719843046177397e+00
4.345703125000000000e+01 1.328883169228237238e+00
4.350585937500000000e+01 1.368590360915797888e+00
4.355468750000000000e+01 1.391719471126748875e+00
4.360351562500000000e+01 1.381556820952300813e+00
4.365234375000000000e+01 1.375066912908944783e+00
4.370117187500000000e+01 1.368890265720060784e+00
4.375000000000000000e+01 1.340933665745810410e+00
4.379882812500000000e+01 1.328904185780557023e+00
4.384765625000000000e+01 1.361397358497528964e+00
4.389648437500000000e+01 1.370271280332601815e+00
4.394531250000000000e+01 1.279809315317913532e+00
4.399414062500000000e+01 1.148334988801949619e+00
4.404296875000000000e+01 1.086008974334920829e+00
4.409179687500000000e+01 1.108209559580237702e+00
4.414062500000000000e+01 1.166968014111639418e+00
4.418945312500000000e+01 1.222518200950640122e+00
4.423828125000000000e+01 1.258975841110977933e+00
4.428710937500000000e+01 1.266442771661496103e+00
4.433593750000000000e+01 1.225899213331798521e+00
4.438476562500000000e+01 1.150294280810255865e+00
4.443359375000000000e+01 1.100082289079777453e+00
4.448242187500000000e+01 1.111588300293402831e+00
4.453125000000000000e+01 1.144858370339302267e+00
4.458007812500000000e+01 1.141498677320190058e+00
4.462890625000000000e+01 1.117981124700142326e+00
4.467773437500000000e+01 1.124966304800331551e+00
4.472656250000000000e+01 1.150392218650874598e+00
4.477539062500000000e+01 1.161354901195832845e+00
4.482421875000000000e+01 1.170361673119574064e+00
4.487304687500000000e+01 1.189334697925894080e+00
4.492187500000000000e+01 1.189852002297129507e+00
4.497070312500000000e+01 1.165621657702103686e+00
4.501953125000000000e+01 1.164997245109582913e+00
4.506835937500000000e+01 1.196894772822903352e+00
4.511718750000000000e+01 1.191348378188912704e+00
4.516601562500000000e+01 1.123784871190886880e+00
4.521484375000000000e+01 1.079767727693785817e+00
4.526367187500000000e+01 1.141288064415798109e+00
4.531250000000000000e+01 1.283832279451377678e+00
4.536132812500000000e+01 1.407120414840964617e+00
4.541015625000000000e+01 1.433690349461965052e+00
4.545898437500000000e+01 1.364088938594324896e+00
4.550781250000000000e+01 1.267548817826214869e+00
4.555664062500000000e+01 1.208526990976510174e+00
4.560546875000000000e+01 1.186548675644652384e+00
4.565429687500000000e+01 1.190351636153663017e+00
4.570312500000000000e+01 1.223430816122288434e+00
4.575195312500000000e+01 1.242534071351552249e+00
4.580078125000000000e+01 1.209153143141123987e+00
4.584960937500000000e+01 1.183705026470298849e+00
4.589843750000000000e+01 1.210481589179085438e+00
4.594726562500000000e+01 1.205695462703890719e+00
4.599609375000000000e+01 1.118837736113704073e+00
4.604492187500000000e+01 1.048370065808378326e+00
4.609375000000000000e+01 1.071640901945658086e+00
4.614257812500000000e+01 1.114335939025760114e+00
4.619140625000000000e+01 1.081524577248041963e+00
4.624023437500000000e+01 1.032261028239501055e+00
4.628906250000000000e+01 1.100025750586831608e+00
4.633789062500000000e+01 1.245542249010824776e+00
4.638671875000000000e+01 1.306080175286072009e+00
4.643554687500000000e+01 1.255657966512477852e+00
4.648437500000000000e+01 1.164881687681458944e+00
4.653320312500000000e+01 1.059994446449934014e+00
4.658203125000000000e+01 9.824259241002925025e-01
4.663085937500000000e+01 1.001633329811552509e+00
4.667968750000000000e+01 1.117387038396414178e+00
4.672851562500000000e+01 1.253704770330037466e+00
4.677734375000000000e+01 1.308516041692402432e+00
4.682617187500000000e+01 1.223198971222478892e+00
4.687500000000000000e+01 1.082785322526546690e+00
4.692382812500000000e+01 1.013302386598418314e+00
4.697265625000000000e+01 1.005006047293012905e+00
4.702148437500000000e+01 1.004027630956342509e+00
4.707031250000000000e+01 1.016180472621208919e+00
4.711914062500000000e+01 1.055145717280030038e+00
4.716796875000000000e+01 1.096700700283414376e+00
4.721679687500000000e+01 1.113836650658041938e+00
4.726562500000000000e+01 1.132207148017784881e+00
4.731445312500000000e+01 1.160984281938307605e+00
4.736328125000000000e+01 1.166104576868581155e+00
4.741210937500000000e+01 1.139448879467246378e+00
4.746093750000000000e+01 1.083332831275821251e+00
4.750976562500000000e+01 1.031512952887945644e+00
4.755859375000000000e+01 1.064293259885033205e+00
4.760742187500000000e+01 1.181435060289891981e+00
4.765625000000000000e+01 1.278691623400282529e+00
4.770507812500000000e+01 1.296191570783089775e+00
4.775390625000000000e+01 1.260891137097948311e+00
4.780273437500000000e+01 1.207179378270630155e+00
4.785156250000000000e+01 1.168519375702554042e+00
4.790039062500000000e+01 1.165520682899872540e+00
4.794921875000000000e+01 1.153843521442881492e+00
4.799804687500000000e+01 1.105146388066297058e+00
4.804687500000000000e+01 1.063590888812880442e+00
4.809570312500000000e+01 1.040210634937758449e+00
4.814453125000000000e+01 1.013172391038279052e+00
4.819335937500000000e+01 1.007836826361543148e+00
4.824218750000000000e+01 1.058716057939728783e+00
4.829101562500000000e+01 1.139810129965977969e+00
4.833984375000000000e+01 1.195527125149867587e+00
4.838867187500000000e+01 1.222643081443303581e+00
4.843750000000000000e+01 1.242749353011409541e+00
4.848632812500000000e+01 1.226078806181868819e+00
4.853515625000000000e+01 1.165495845086965021e+00
4.858398437500000000e+01 1.149535788578117668e+00
4.863281250000000000e+01 1.191589915252454279e+00
4.868164062500000000e+01 1.190175210663867444e+00
4.873046875000000000e+01 1.148169877253635507e+00
4.877929687500000000e+01 1.140244498554841446e+00
4.882812500000000000e+01 1.140375664279301038e+00
4.887695312500000000e+01 1.104785484069194856e+00
4.892578125000000000e+01 1.083006309416752133e+00
4.897460937500000000e+01 1.123834306825067797e+00
4.902343750000000000e+01 1.171561933326464855e+00
4.907226562500000000e+01 1.146749309299190722e+00
4.912109375000000000e+01 1.063953613270294918e+00
4.916992187500000000e+01 1.026458895848089581e+00
4.921875000000000000e+01 1.101645067769418063e+00
4.926757812500000000e+01 1.217623414481585176e+00
4.931640625000000000e+01 1.290045978055841758e+00
4.936523437500000000e+01 1.326568428478196893e+00
4.941406250000000000e+01 1.323531274074985609e+00
4.946289062500000000e+01 1.277121279607275950e+00
4.951171875000000000e+01 1.215654832520642215e+00
4.956054687500000000e+01 1.133118027995713151e+00
4.960937500000000000e+01 1.038952779252521719e+00
4.965820312500000000e+01 9.753738366942181770e-01
4.970703125000000000e+01 9.645799489633276602e-01
4.975585937500000000e+01 1.024295174953864462e+00
4.980468750000000000e+01 1.135284886860773224e+00
4.985351562500000000e+01 1.213292241927685700e+00
4.990234375000000000e+01 1.195673350058953810e+00
4.995117187500000000e+01 1.118658836209685425e+00
